topology=Clements
modes=4
eta=0.900000
n_in=0.92111208491313157
first_cumulants_in=[0.47062316205646404, 0.11073224603899279, 0.17789756482698338, 0.16185911199069136]
second_cumulants_in=[1.3842186454409777, 0, 0, 0, 0, 0.24598775270366563, 0, 0, 0, 0, 0.41909021679670833, 0, 0, 0, 0, 0.37611496825021307]
n_out=0.67942509917032146
first_cumulants_out=[0.19115178381260867, 0.11654982353101806, 0.22819122392994251, 0.14353226789675211]
second_cumulants_out=[0.27241299109562267, 0.0072985176233842288, 0.14824765674098664, 0.0047258558762953038, 0.0072985176233842288, 0.16563716317003552, 0.061410123034155835, 0.0033479758346087545, 0.14824765674098656, 0.06141012303415587, 0.31624105753731829, 0.0087662326126066968, 0.0047258558762953073, 0.0033479758346087562, 0.0087662326126066916, 0.28125431441725346]
n_vac=1.8102036219223088
etas=[0.99999000000000005, 0.99998460073473938, 0.99997628626294344, 0.99996348258727452, 0.99994376586748102, 0.99991340356766401, 0.9998666478567837, 0.99979464749735425, 0.99968377223398319, 0.99951303247483414, 0.99925010579066753, 0.99884521801531057, 0.99822172058996106, 0.99726158036573564, 0.99578303496571419, 0.99350618368423793, 0.98999999999999999, 0.98460073473940513, 0.9762862629433835, 0.96348258727451619, 0.94376586748096514, 0.91340356766399344, 0.86664785678366763, 0.79464749735428541, 0.683772233983162]
curve_Reck=[1.810143342461334, 1.8101107966897425, 1.8100606795641707, 1.8099835051766351, 1.8098646677525427, 1.809681679803707, 1.8093999225211808, 1.8089661098340928, 1.8082982428395722, 1.8072701860993083, 1.8056880246222455, 1.8032539119154385, 1.7995110056356909, 1.7937601068383193, 1.7849346731522933, 1.7714163017675055, 1.7507692006901205, 1.7193745394243161, 1.6719666942248397, 1.6011430157501412, 1.4970986332582097, 1.3482349104312679, 1.1440142107519051, 0.88228720435778474, 0.58261343039828617]
curve_Clements=[1.8101540644425835, 1.8101273074443291, 1.8100861041809755, 1.810022655482312, 1.8099249522298284, 1.8097745037071569, 1.8095428413644328, 1.8091861394667408, 1.8086369421805895, 1.8077914497159218, 1.8064900011158231, 1.8044871641818174, 1.8014060195355972, 1.796668574040762, 1.7893905234789522, 1.7782237277085287, 1.7611243021222527, 1.7350204986642859, 1.6953594873391387, 1.6355436156654957, 1.546366505373487, 1.4158160787017557, 1.230186589212571, 0.97853475835366277, 0.66399528610174752]