topology=embedded_reck
modes=5
eta=1.000000
n_in=1.079323579362593
first_cumulants_in=[0.47062316205646404, 0.11073224603899279, 0.17789756482698338, 0.16185911199069136, 0.15821149444946103]
second_cumulants_in=[1.3842186454409777, 0, 0, 0, 0, 0, 0.24598775270366563, 0, 0, 0, 0, 0, 0.41909021679670833, 0, 0, 0, 0, 0, 0.37611496825021307, 0, 0, 0, 0, 0, 0.36648474285078569]
n_out=1.0793235793625917
first_cumulants_out=[0.11148575246944947, 0.16055511169224201, 0.41245580966008655, 0.16136348109056009, 0.23346342445025403]
second_cumulants_out=[0.24271039112713083, 0.00053395431525498011, 0.0032597891154882886, 0.00075199170133243595, 0.00087951862858216953, 0.00053395431525498033, 0.20498053101200678, 0.0076530649000593875, 0.15807791198957977, 0.0019886692203133593, 0.0032597891154882868, 0.0076530649000593892, 1.1318103223836911, 0.011310210230102716, 0.038710750012762446, 0.00075199170133243584, 0.15807791198957982, 0.011310210230102704, 0.20142647542903808, 0.0037399159899325794, 0.00087951862858216974, 0.0019886692203133602, 0.03871075001276246, 0.0037399159899325915, 0.55715705388366665]
n_vac=1.4769720773622685
etas=[0.99999000000000005, 0.99998460073473938, 0.99997628626294344, 0.99996348258727452, 0.99994376586748102, 0.99991340356766401, 0.9998666478567837, 0.99979464749735425, 0.99968377223398319, 0.99951303247483414, 0.99925010579066753, 0.99884521801531057, 0.99822172058996106, 0.99726158036573564, 0.99578303496571419, 0.99350618368423793, 0.98999999999999999, 0.98460073473940513, 0.9762862629433835, 0.96348258727451619, 0.94376586748096514, 0.91340356766399344, 0.86664785678366763, 0.79464749735428541, 0.683772233983162]
curve_Reck=[1.4769168575532103, 1.4768870436896941, 1.476841133594796, 1.4767704379458237, 1.4766615778257499, 1.4764939554311716, 1.4762358629107553, 1.4758384991810649, 1.4752267774009304, 1.474285219242498, 1.4728363517236414, 1.4706077206510182, 1.4671817574467454, 1.4619201442506027, 1.453851029649698, 1.4415039970150492, 1.4226760813140036, 1.3941179663256582, 1.351156471545623, 1.2873476324170641, 1.1944414238357659, 1.0633162703985746, 0.88712575909193792, 0.66824247669548553, 0.42865371662074114]
curve_Clements=[1.476915183813273, 1.4768844661857967, 1.476837164268419, 1.4767643250960356, 1.4766521635880117, 1.4764794560671408, 1.4762135299066488, 1.4758040960276846, 1.4751737707091364, 1.4742035256343442, 1.4727103904479031, 1.4704133730387694, 1.466881586617351, 1.4614558042994288, 1.4531310432572209, 1.4403837101147925, 1.4209240386192423, 1.3913581188056292, 1.3467667728864257, 1.2802809206915784, 1.1829170434872616, 1.0443390190329378, 0.85594281271618833, 0.61851687788334786, 0.35601912109831924]